000000	113	
200110088 199110148 200710159 201010176 
200910345 199610381 199910400 200210433 
200510472 200810511 199510537 201410561 
200710669 201010690 201010697 199410703 
199610883 199910925 200210948 200510982 
200811009 199511040 199511041 199511042 
201711111 199711234 200011272 201611279 
199311362 200911374 199611399 201511429 
199211530 199511559 200011786 199011848 
199311886 199911948 201511950 200211974 
200512007 200512010 201112068 201712133 
201712143 200412163 200412174 199112196 
201612300 201212424 201212431 199912463 
200212488 200812547 199212553 200812558 
199812621 199812623 201712643 200112651 
200712716 199712778 200312832 199912961 
199912970 201512971 200213006 200813062 
201113098 201113103 201713155 201713158 
201613314 200013324 200313346 199013376 
200913411 200913418 200513544 201113605 
200113665 199113738 199413763 199413766 
199713796 200013829 200313871 200613895 
200913920 199313925 
000001	
000010	119	
201110039 199110162 199710224 199010320 
199310358 199610384 201210388 199910425 
199210527 199810589 201710616 200410640 
200710685 200710686 199410716 199410719 
199710748 200310800 200310801 200310810 
200910878 201210897 199610901 199910941 
200811035 201411099 200411166 201011226 
199711251 199711256 201611295 199311376 
199611421 200211479 200511518 200411668 
201311773 200611859 199011860 200611870 
199611934 199611935 199911965 200512022 
199212048 199212057 201712144 201712146 
201012251 201012254 199712279 201612308 
200012315 201612318 200012319 199012378 
200912403 200912412 199612433 201212435 
199212568 199512606 200112662 200112668 
200712730 199412753 199412754 201312784 
200012827 199012880 200612886 201212951 
200513044 199213081 200813085 200813086 
201113107 200113183 200413205 200413206 
201213459 199613463 201513490 199213596 
199813660 201713684 200113690 200113693 
201313810 199013911 200613916 200613919 
201213971 201213974 201213983 
000011	
000100	58	
199810080 201710115 200410145 199110181 
199010337 199610402 200210471 201110562 
201010721 201310757 200010791 200910886 
201311267 201311270 200311328 199611426 
201711648 200711714 200711718 200911905 
200812069 200812070 199112224 200612384 
199612454 201512481 199912487 199212577 
199812646 201712675 201712679 200412711 
201612835 201612837 200612903 200912934 
200213024 201113121 201713184 201713191 
199013415 201213473 201213474 199913510 
199413795 199313954 
000101	76	
200110121 200410157 200710186 201010221 
199010344 199610408 201510442 201510445 
199510572 199810603 200110636 200710698 
199310891 200910893 201210922 201510955 
201711144 200011305 199011372 200611375 
201511467 201111594 199511599 201411629 
200411688 200411689 199411758 200011818 
201511982 200212012 199212073 199512104 
200112175 200412200 199412271 199312426 
200512552 200412719 199112744 199112750 
201012779 201012783 199712810 200012843 
200312879 199012908 200612909 199913005 
200813100 201413167 199113260 199413294 
200913448 199313452 201213481 201113644 
199813675 200013865 199313965 201213995 

000110	128	
199210033 200810044 199510068 199510076 
199810108 200110128 201710132 200110140 
199710267 200010288 199010352 199610421 
200210481 199210546 199210552 201410609 
201410618 201710646 201710648 200410681 
200710707 200710712 199110713 201610811 
200310846 199010864 199010867 199310904 
199610939 201510963 200511025 200511036 
199511090 201411120 201711161 199411258 
201611312 201611322 200611380 199311422 
201511481 199911482 201511486 200511537 
199211576 201111609 199511610 201411638 
200711731 199111734 201611824 201611838 
199011901 199311922 199311924 200911927 
199512121 201112122 199812148 200112178 
201612339 200012348 200312381 200912432 
199912500 200512572 199212603 201112631 
201412669 201712692 201712694 200112699 
201012790 199712825 200612923 200912950 
201212981 201212986 201212987 201513023 
201413174 201413176 200113210 201013305 
199713337 199313456 199313469 201513525 
200213565 199213616 199513650 201113651 
201413688 200113722 201013817 199413819 
200013884 200313909 200313910 200313912 
199013946 199313977 
000111	
001000	123	
200510021 201110086 201410126 200710222 
201010249 201010252 200310349 199310414 
201210439 199610446 201110605 201110607 
199810637 201710658 200410688 200410699 
199410763 200310852 200310858 200910924 
201210956 201210959 199910986 201510987 
200511052 199211074 199811145 201411146 
200111177 200411207 200711238 200711247 
199711309 201511488 199911492 201511497 
199811653 199811658 200111690 200411719 
200711756 201011783 199411790 199711813 
199711821 200311885 200611907 200611915 
201211980 200812097 200812109 199512135 
201412164 201412173 200112198 199412298 
201312320 201612355 200612417 201212491 
200512576 200512588 201712714 200412748 
201012812 199712840 200912964 200912972 
199913025 201513026 200213056 199513152 
200113219 200413252 200713280 199113290 
201013315 201013323 199713352 200013382 
199013443 199013454 199313480 200213574 
199213643 201113676 201113677 199813700 
201713733 200713800 200713802 199713860 
201313868 199713869 200013902 200013903 
199013963 199313988 
001001	
001010	121	
199810142 201710163 200410197 199110225 
199410264 201010266 201010270 201310291 
199710295 199710296 201610327 201610330 
199010387 200610393 200910429 200910431 
201510485 200210512 200810581 199810647 
199410770 199410782 201610838 200610907 
199610972 201510996 201511005 200211026 
200511068 200811091 199211094 199511128 
201711194 200111196 199411286 199411294 
199611474 199611475 199911505 199911510 
199211615 199511636 199511647 201711702 
201011800 199711833 199011920 201211994 
200212052 200212063 199812182 200112212 
200412245 201312344 199912530 201512536 
200212567 200812630 200812635 199512658 
201712735 200712789 200712794 199112795 
201612883 199613012 199613014 201213015 
199913052 201513054 200513112 199213149 
200113237 200413272 200713301 201313363 
201613407 200313428 199013457 199313496 
201213523 199613535 199913557 200213584 
200513626 199213653 199213659 199213662 
199513686 199513694 199813712 201413726 
199113808 199413855 199713881 200013917 

001011	
001100	60	
201410149 200410215 199110247 201310308 
200010340 199310438 199210595 201710694 
200410727 201010785 200811105 199511143 
200111202 200711268 200011365 199011424 
199611491 199911520 201511521 200211556 
199211621 200711776 199111779 199912039 
199512165 199512166 200112230 201612387 
200112740 200412771 201012836 201312865 
200012901 199513185 199813216 200113250 
201013345 200313440 200613475 200913504 
199213664 200713826 199713889 199713893 
201613927 200313955 200613984 199013985 
001101	72	
199510120 201410155 200110188 199310447 
201510506 199210600 201010792 199410794 
199911016 200211049 200211050 200511081 
199511151 201411181 199011439 201211502 
201511535 200811627 201111659 201711724 
201011816 201611882 200611947 200212079 
201112170 200712297 200712303 201012333 
200012398 201612399 200312428 201212523 
199212654 199512682 199512685 201712747 
199712877 200312936 201213033 199613035 
199613037 200513135 200813161 200413288 
201013353 199713387 201313390 199013484 
201213549 199913577 201513582 199513711 
200113769 200113773 199113835 200713838 
199013997 
001110	121	
199910013 200510066 200810097 199510136 
199810174 199110261 201310331 199010426 
201510518 200210548 199210623 201110644 
199110773 200710780 201010812 200010865 
200310911 200610930 199310960 199310965 
200511088 199511157 201411187 200111217 
200111222 199111285 199111287 200711289 
200311412 200311420 200611444 199011447 
201211513 201511545 201511546 199911549 
200511612 199211633 201111664 199511666 
200111738 200411765 200711794 201311856 
199311987 199612028 201512054 200212080 
199212151 201412220 201712252 201712255 
201012341 199412349 199712371 199712379 
200612471 199312496 199312498 199912561 
201512574 200212593 200812657 199212661 
200812671 199512688 199512689 201112693 
201412729 199112822 200712823 200012922 
200612980 199613042 201213046 199913082 
199213170 199213178 199213182 201113208 
201713266 200413298 199713399 201313405 
201213564 199613566 201513591 199913598 
199213689 201113715 201113723 201413747 
201013875 199413877 201313913 200013947 

001111	
010000	69	
200510081 200510087 199210114 199710339 
200610434 199010436 201410695 201710723 
201010823 200010882 199310981 199911043 
201111169 201411203 200111236 200311431 
201211522 199911553 200811655 199811713 
200411777 199111811 199411842 199411843 
201311875 201311879 200311939 200311943 
200212098 201412226 200112262 200412291 
199712391 200012421 200312451 200612485 
199912580 199912583 199212672 199812739 
200913030 201213063 201513092 200213123 
200813190 201413251 201413255 200113283 
201313414 201613441 200613508 199613570 
200213638 200513671 201713793 
010001	75	
200210059 200210063 200510095 199510158 
201710216 199110285 201610377 200010378 
199610508 201210510 201510540 201510542 
199510667 201710728 200110731 200410764 
200710797 200710799 201010829 199410831 
199710861 200610957 199310988 200211082 
201011337 199711369 200011402 200011404 
200311432 199911561 199911566 200811663 
201111693 201111694 200111754 200512136 
199812236 199812239 201712268 200412301 
199412360 199412361 201012367 200612494 
201212557 200512652 199712911 200213128 
201113225 201113230 200713354 201313417 
200613516 199313545 199613580 201513609 
201513612 200513679 201113743 201313928 
010010	116	
200510110 199210135 199810192 201710229 
201610395 200010397 200610453 199310494 
199610522 201210526 201510554 200510620 
200810643 199210654 199210655 201110675 
199810717 201710745 199710872 200010903 
200610962 200610964 201511064 200511122 
200111252 200711323 199411358 200611472 
200211600 199211667 199211672 199811729 
201411742 199811743 200411802 201011861 
199411868 201311892 200311952 199312016 
199612055 200212116 200212120 199512209 
200112281 201712283 200412306 200412314 
201012383 200012438 200612503 199012511 
199912595 201512602 200812701 201112720 
201112732 201412766 200112788 199112849 
200712853 199412885 199412888 199712912 
200012958 199313048 199313049 199913106 
200213147 200213150 200513175 199213204 
201113238 199813274 201713300 201713310 
200413338 200713361 199413400 199713431 
201613471 200613533 199313560 199613599 
199213719 199513745 199513753 199813785 
200113813 200413854 199413908 199713942 

010011	
010100	105	
199910058 199510177 199810212 199810223 
201010347 201310379 199310498 199310504 
199610533 201210535 199910567 200510634 
200810665 200110760 200110767 201310889 
200010915 201610918 200310953 200610989 
200911019 201211054 199911078 200211108 
200111274 201711275 200111276 200411297 
199411371 199411373 199711392 199711395 
200011433 200311470 201211552 201211564 
201511589 199911591 200811685 201111712 
201311910 200311976 199012015 201212074 
200212140 200812206 199512229 201112233 
199812266 201712288 200412334 200712359 
200012450 200012453 200612519 200612527 
199212713 199512736 199812776 199812781 
200112805 201712809 201712811 199712935 
200312995 200313004 200613034 199013039 
200213160 199213222 200813224 199813291 
201013412 201313445 199013540 199013550 
200913583 199913632 199913640 199213731 
199813803 201713834 199413933 201613994 
010101	
010110	76	
200210101 200810161 200410290 201010354 
200310452 200610483 199310515 200910519 
201510580 199510709 201110710 199510711 
201710775 199710896 201310902 200310961 
199311030 201511089 200511156 200811190 
199511216 200411313 199411377 199711409 
200311478 199011508 201211574 199211701 
201011888 199411889 199711921 200311989 
201212081 199912113 199212213 200812215 
200412343 199112373 200012469 200312497 
200612531 200812726 201712816 200112817 
201612983 199013043 200913072 200513202 
199413425 199713462 200013492 200313521 
200613558 199913648 199913649 201513652 
199213750 199513777 201713842 201013943 

010111	71	
199310014 200210109 200510139 200410298 
200310456 200310461 199910591 201410746 
199810751 200110781 199110847 199410874 
201610936 201610937 200611001 199311034 
201511102 199211193 199511228 201411260 
199711417 201611455 200611514 199611578 
200511675 200511677 199511736 201411768 
200111803 201711805 200912061 201512127 
200512189 199212218 201712313 199712443 
200612537 200612543 199312571 201212604 
200812731 200812733 199812796 201412797 
201012927 199712955 201312957 201612988 
201413311 200413368 201313470 200013501 
201513661 199213756 200813759 201113787 

011000	124	
200510144 200510156 199210179 200810182 
200110275 201710279 200110283 200410310 
199410375 200310479 200910541 199810756 
199110855 200310978 200611022 199311051 
199611084 199911117 200211142 200511182 
199211212 199811271 201711311 200411332 
199111360 201311425 201611466 200011469 
199311563 199611586 199611590 199811778 
200411853 200711880 201011911 199411919 
201311945 200011978 199012032 200612037 
200612044 199312066 199912131 200512199 
201112267 201412294 201412295 200112330 
200712395 199412420 199712455 201312460 
200012483 199612616 201212622 199912653 
200212683 200512705 200512709 200812745 
199812808 199812814 200112834 200112844 
201012928 199412929 199412930 199412933 
201612992 199013070 199313094 199313099 
200213189 199213258 199213263 201113293 
200113358 200413381 200413383 200713408 
199713485 201613506 201613513 200313536 
200913614 199613636 200213699 200213702 
199213762 199213771 199813824 199813827 
201713856 200113858 200413898 200713924 
201013956 199413959 201313986 
011001	
011010	119	
200610003 199010015 200910043 199610078 
201510111 200510166 200510172 199210194 
201110236 199810258 201410263 199810268 
200110292 201710293 200410323 200410333 
200710364 199410396 199410399 201310424 
200910559 199610578 199610584 201510622 
200210652 200710869 200710879 201610969 
200010973 200311002 200611029 200211160 
199811293 200111314 200411356 200711382 
200711388 201611477 200311511 199011544 
199311570 199911643 199211735 201111774 
201711825 200111831 200111837 199111897 
201311956 200912091 201212118 199912158 
201112286 200112338 200112342 200112350 
200412376 201612499 201612507 200612565 
200612573 199612624 199612629 201512660 
200512722 200812752 201412818 201712848 
199712984 200013017 201613019 200313041 
199013075 200613077 199313110 201213139 
199613143 199913177 200213215 199213277 
200113371 200413402 200413403 200713439 
201313493 199713494 201613522 200313552 
200913628 201513692 200213718 199813840 
200413907 199113941 199413981 
011011	
011100	77	
201210084 201110243 201110244 199810278 
200710370 201010401 199710432 201610464 
200010470 200310501 200610529 199310564 
200210660 199510754 201110755 199510758 
201410784 199810787 199110885 199110887 
199710947 201310950 201610979 200311008 
199911136 199911138 200211174 200211175 
199511265 199811298 199111393 199111397 
200811749 201711845 201612003 200212195 
200112357 200712422 199112423 199712480 
201512678 200512738 200812768 199812833 
201012965 199412966 199013089 199313127 
199213286 201113312 200113377 200113378 
201013476 199413479 199713505 201313507 
200613602 199613670 199913696 200813798 
200113890 
011101	59	
200410348 200410351 199410413 199710443 
200610543 200910575 201210601 199610604 
201710830 199410921 201010926 199710954 
201610985 200311018 201211114 201211116 
201111273 199811306 201711339 200111340 
201211628 199611630 200811755 199211757 
199811819 200111849 199111912 199111916 
199411946 199411951 199711979 201311983 
199612141 200212202 199812328 199112425 
199012590 199312620 201712873 199412973 
199913193 201113320 201113325 200713449 
201513706 199213807 200413932 
011110	60	
199910129 199210230 200110321 199710449 
200010486 199010549 199610610 200210676 
201410804 199110900 200010992 199011056 
201111281 199811318 200111344 201611506 
200211696 200511732 199211762 199211764 
201111798 200411891 199111926 201011953 
199711984 201311986 200512246 200112369 
200012528 199012594 200612597 200912628 
201512695 199212785 200812786 200412917 
200712949 199412977 201313011 200613108 
200213235 201113334 201413360 199813364 
200713458 201613559 200313590 200213749 
011111	70	
199110392 201610491 200010492 201610493 
200210680 199510783 200110840 199410940 
201310974 200311032 199011069 199311101 
201411324 201711353 201711354 201011450 
201311487 200011517 200611583 199611644 
201511678 200811770 201711865 201711869 
200711929 199411966 201311992 201212157 
200812280 199812345 201712377 200412411 
201012472 201312505 201612539 201512696 
200512764 199512824 200112890 201712893 
199013115 200913146 199313151 200213246 
200513276 200813304 199213309 199813372 
200713465 199113467 199713529 200613631 
201213695 201513725 199213823 200413948 
100000	114	
200610051 200610054 200610060 199610122 
200510213 199210242 199810316 200410372 
200710406 201610499 200010505 199010565 
199610630 201510670 200510725 199810817 
201410827 200710920 201611014 199011077 
199011085 199311107 199611148 201511180 
200511233 200511237 199211278 201111300 
200411405 200411406 199711490 199711493 
200311558 199311617 200911619 199311620 
201211662 201511680 201511691 200211720 
200111873 201711883 200411917 199111940 
200012033 199012101 199012107 199312130 
199312134 199912207 200212232 201412356 
199712513 201312516 199712517 200012548 
201212684 199912710 200812807 199812874 
201712904 200112906 199413002 200313090 
199013120 200613126 200913154 199613186 
199913226 201513231 200213261 199213316 
199513357 200413442 200413455 199413511 
199713541 199713548 199013637 199013646 
199313672 199313678 199613704 199913730 
200513801 200513804 199213830 199213831 
201413888 201413896 201713921 
100001	
100010	116	
199010073 199610130 201510165 200210202 
199210259 200810262 199510297 199510301 
200410391 201310489 201610514 201610517 
200310557 200910613 201210649 201510678 
200810768 200810779 199510802 201110806 
200410899 200410909 199110932 201010968 
201611024 201611028 200011033 200011037 
199911185 201511192 200211229 200511253 
201111317 200111384 201711387 201711391 
201011480 199411483 200011539 200011550 
199011602 199011608 200611611 200611614 
199611671 199911707 200811804 201111832 
199811862 199111960 199411988 201312018 
201312027 200312086 200312094 200612115 
201212185 199612191 200812311 199212312 
199512347 201412375 200112409 200712467 
200712475 199712542 199012637 201212700 
200512793 200812830 201712924 200112925 
199413016 201013020 199713055 200313117 
201213214 201513247 200513297 200813340 
199513366 199813395 200113429 200113432 
199413528 199713555 199013655 199313682 
200513815 201113878 199513882 201713936 

100011	
100100	124	
200610089 199310117 200910118 199310123 
201510183 201510185 200210208 200210219 
199210272 199210276 200810280 200810282 
199510315 201410338 200110374 200110376 
200410405 201010474 200310560 200610599 
201210668 200510752 200810788 199510819 
200110894 200710952 201311013 201311017 
199011109 199311139 199311150 200211244 
199511333 201111335 201711396 201711398 
200711461 199411489 199711525 200011554 
200911651 199911722 201511727 201111844 
199511851 200111918 201012004 199412009 
199712045 200012075 200312106 200212259 
199512362 199512363 201112365 199812397 
201712427 201012526 201312550 201312556 
201612585 200312610 200312612 200312614 
200912686 200512813 199212838 199212847 
201112872 201112875 199812900 200112932 
201712943 199112994 201013031 201313065 
201313068 200013102 199013153 199013157 
199913257 200513318 200813356 199213359 
201113386 199513391 201413409 200113447 
201013546 199713572 201313579 200013615 
200913705 199613735 199613740 201213741 
200813862 199813929 201713952 
100101	
100110	90	
199710006 200010035 200310065 199610160 
199910196 201510199 200210226 199110455 
201310516 199010612 200910642 200210740 
199810870 201311027 199711031 200311092 
201211188 201511221 201111349 200111408 
200411445 200011568 201611575 199011635 
200911670 200211763 200811826 199211827 
199211830 200411958 201012020 201312051 
200612147 200912181 199312183 201512241 
200212272 199212337 201112370 201412405 
201712437 199412533 199712563 200012598 
199012663 201512757 201512759 200512819 
201112887 201412914 201412919 201013047 
199713078 199013173 200913203 199913270 
201413427 201713461 200413488 200713526 
199713585 200613685 199313716 200913717 
199613746 199913783 200513843 200513844 
199213874 199513904 199513906 201413938 
100111	62	
200310072 200310075 199010107 199610175 
200810299 199810360 200710459 201310520 
201210687 199910715 200810808 199011129 
200811325 199211326 200111419 200411454 
200011577 200611641 201211708 201211709 
201411896 199811899 200411961 199712062 
199612216 201512248 199912253 201712444 
200712510 200012600 200312632 200612665 
199912765 199212860 199212863 201712954 
201313084 200013116 201213244 201513275 
200813370 200813374 201113401 199813433 
199713595 201613624 200913721 201213757 
201713982 
101000	116	
199710023 200310082 200910151 200910152 
199910218 199210304 200810306 201410383 
199110465 199110469 199110476 199410496 
201010503 199710538 200310596 200610625 
199310662 201210693 199610700 201510730 
199910735 199510848 201110854 199810895 
201710923 199110976 199711047 199711055 
200311104 200311113 200611141 199611209 
199211341 199811394 199411523 201011531 
200611652 199611717 199911753 200211782 
200511823 199511881 201411909 201411914 
201711949 200411975 199112000 200712008 
201012036 201312064 200312138 199012162 
199612231 201212235 199912263 200212290 
201112390 201112396 201712449 200412495 
201012551 199712579 201312587 200912706 
199912774 201512777 200512841 199212864 
201112910 201712968 200413007 199113032 
199713101 200613187 199013197 199313228 
201113422 201713483 200713539 199113543 
201613634 200013645 200613708 200613709 
201213765 201213767 199913792 199913805 
199813961 199813962 199813964 201413966 

101001	
101010	119	
199010131 199010134 199010138 199010141 
200910169 199910237 201510239 200210257 
200810324 199510356 201110362 199810385 
200410463 201610577 201610579 199310674 
200210774 200510809 200510813 200810843 
199711058 199711062 199011164 200911184 
200911197 201211224 199911254 200211291 
199211347 200811357 201111389 199811411 
200111442 200111453 199411541 201311581 
199311698 200911706 199311711 201211728 
201111898 199511902 201411923 201411928 
200111962 200411985 199112030 201012060 
200012123 200012125 200312153 200612188 
199612242 201512278 201512284 200212304 
199212368 201112400 199512401 199512404 
199812441 201712470 200112479 200712535 
199712601 201312605 200012626 200312664 
199612758 200512857 200512858 199212881 
200713040 199413074 199713111 200913242 
199613269 199913306 199513426 199813466 
200113491 200113495 200113502 200413520 
199113563 201013594 199713623 201313627 
199313752 199313758 201213782 199913822 
200513886 201413972 201413975 
101011	
101100	126	
201210211 201510241 201510253 201510255 
200510313 200510318 200510319 200810342 
199410530 201010531 201010534 201310563 
200010606 199010661 199310696 201210724 
199910762 200210786 200210789 200210795 
199510880 199510888 199810916 201710944 
200311147 199011170 200611178 199311208 
199611243 201211246 199911269 201511277 
200511330 200811361 199211368 201411428 
200111463 201711465 201711471 200711526 
199711596 199011683 200611687 199311715 
201211750 201511781 201511785 200211814 
199511906 199511908 200712040 201012072 
201612128 200312160 200612194 200912237 
201212261 200212331 200212332 200512352 
199812461 201712490 199412582 199712613 
201312618 201612650 200312687 200612718 
199612770 201512806 200512869 200512871 
199212905 201112938 201412975 201712993 
199113061 201313130 201313132 200013162 
199313256 199613295 199913322 200213347 
199213410 201113444 199513450 201113451 
201413487 200113515 200713575 199113578 
201313633 199013734 199013737 199313761 
200213864 200213870 200813922 201113967 

101101	
101110	124	
201310077 201610096 201610098 200610171 
200910205 200910207 201210235 200510328 
200810365 201110389 201410419 201410427 
200410490 200710513 199110525 199410553 
201310583 200010608 199010684 200910714 
199910777 200210803 200210814 200210815 
200510837 200810873 199510898 201410928 
200110967 200411004 200711038 199411063 
201311095 199711096 201611123 200011133 
199311218 200911223 199211383 199511423 
199811448 199111538 199111540 199411573 
199711605 200611697 199011700 199611766 
200211839 199211890 199511930 201111932 
201411957 201411959 201711998 199112049 
201012089 199412095 201612152 200012155 
200612222 200812406 199212414 199512447 
201712509 200412532 200712562 199112566 
200612721 200912763 200912767 199612792 
199912829 199512959 201713021 201013105 
201313148 201613171 201613180 200313201 
200913271 199613303 199913331 200513397 
200813430 200813437 199113587 199113588 
201613687 199013751 199013754 200913776 
199313789 201213812 201213814 201213821 
199213940 199213951 199513980 
101111	
110000	115	
200010125 199010178 199310210 199310217 
201210251 201510273 199910277 200210309 
201410444 201010566 199410574 199710593 
200010639 200310659 200910722 199610765 
199210881 200810884 199510919 201710977 
200411015 200411023 199411079 199411080 
200211338 199211400 199511435 199511437 
201411462 199111567 201011593 201011595 
201311626 201611657 199011716 200611723 
201211789 199911808 201511809 201511822 
200211846 200211852 200511878 200511887 
199811969 201712001 200712077 199412099 
201612167 200312203 200912264 201512321 
201512327 200212366 200512389 200812430 
199512459 201712514 200112520 201712521 
199112581 199412609 199712641 201612680 
200612737 200612742 199012743 200912769 
201212800 201212815 199912842 199812997 
200413071 200713095 199413133 199413134 
199013248 201213319 200513413 199513477 
199513486 199813509 200413569 199113608 
201313668 200013698 199613828 199613836 
201513861 201513867 200513923 199513991 
110001	
110010	127	
200710040 201010064 199710103 200910231 
201510302 200210335 200810398 199510417 
199810448 199810451 199810458 201710482 
199710615 200010653 200310677 200910741 
200910744 199310749 201210771 199610772 
199910805 201110931 199510935 200110999 
199111060 200711070 201011100 201311124 
199711127 201311131 201311132 201611152 
200011162 200311198 200311199 200911249 
199311263 199911315 199911316 200211345 
199511440 201711519 200411543 200711579 
199411613 201311634 199711639 199711645 
199311771 200911775 199611807 199811990 
201411997 201712026 201712029 200712082 
201612190 199012243 200612250 199612309 
200812440 199512464 201112466 199512478 
201712529 201712538 200712596 199412636 
200312727 199612831 201512856 199912862 
200812953 201112982 199512991 201413013 
200713113 200313241 200613278 200913299 
200213394 200813464 200813468 199513497 
199813527 199813532 200113554 200413586 
200713625 201013657 201013658 199713680 
200013727 199013780 200613781 199013786 
199313818 201213845 201213849 201213851 
199213979 
110011	
110100	74	
201310112 201610146 201610150 200610214 
199210407 199510437 201710502 199410598 
201310629 201610663 200310692 201510816 
200210849 199510945 201110946 199510949 
200411045 199711140 199011239 200911266 
200211367 199811495 200111524 200411557 
201011622 199411623 201611684 201611686 
199311780 201511841 200211872 200211874 
199211941 201412006 200412065 200412067 
201012129 200012192 200012193 199012257 
199212448 199212452 201412518 201012642 
199712676 200912801 199912866 199212960 
200113057 200113060 200413088 201013156 
200613282 201213350 201213351 201713573 
199013797 201513891 200813987 
110101	64	
200410027 201010090 200010154 200310187 
199910317 199210409 201410477 200710569 
199710635 200010666 200310702 200610729 
201210798 200210856 200210860 201410991 
199011241 201211304 199611308 199511468 
200111532 201711534 199111592 200711597 
201611695 200311725 200911791 200112041 
199012269 200912296 199312302 199612329 
200212394 200512429 199512492 200712619 
200212907 201113001 201113003 201413038 
201013164 201013166 199713192 199213482 
199513517 201113518 200113576 201013673 
199013806 200813998 199213999 
110110	122	
199710133 200310195 199010232 199010234 
199910325 200510390 200810420 201110457 
200410545 200410555 200710582 199110586 
201310641 199710650 201610679 200910776 
199910842 201510845 200210875 200510906 
201110971 199810993 199811000 200111039 
199411126 201011130 201311158 201311163 
200311219 200311231 200611259 199011261 
199911350 201511351 201511352 201111484 
199111603 201011632 201011642 199311796 
201211836 200211895 199211963 200811964 
199812019 201412025 201412031 200112053 
200712117 200712126 199412145 200012217 
200912316 200912317 199612340 200212413 
201112504 201112508 201712570 200712633 
201312698 201612734 200612791 199012798 
200912826 199612855 199612859 199912892 
199212976 200812978 199813045 201413053 
201013168 201013169 199413172 199413181 
201313212 201613234 200013239 200013240 
200613296 199013302 200613307 199313329 
200913332 199313336 200913342 200913343 
201413567 200413629 199113654 201313713 
200913841 200913847 201213880 200213944 
200513978 
110111	
111000	71	
199610307 199610311 200210369 200210371 
199510468 199810500 201310656 201310657 
201610691 199610820 199910850 201510851 
199811011 200111044 200411072 201011137 
201511363 199911364 201511366 199211457 
201111494 200411587 199411649 199411650 
199711681 200311748 199911877 200511938 
200811971 200811972 201112002 201612225 
201612228 200912322 199312325 199312326 
199212484 201412545 200412608 199112640 
200612804 199612867 199912899 201512902 
199813058 200413125 199713221 199713223 
201613254 200313287 199313349 200113604 
200413639 199113667 199713728 199313859 

111001	63	
200110029 199110092 199110093 199410124 
200610248 199310281 199310286 199210441 
201010632 201310671 201210826 201210828 
201411020 199811021 201711048 200411086 
199111119 199711179 200011210 201611214 
199611336 199611343 200811464 199511501 
200111565 200411598 201112014 201412042 
201412047 201712076 201312201 201312205 
200512458 201112522 201412559 200112586 
199712717 200813000 199413195 199413199 
201213388 201513421 199913423 200013774 
200613833 199613900 201513931 199913934 
200513992 200513993 
111010	65	
200410070 200710100 199110102 201310164 
200610260 201510357 199910359 199510487 
199710672 199710673 201610708 199310807 
201210834 201210839 201510866 200810966 
200111057 200111059 199411159 200611284 
199911381 200211413 200211414 201111504 
201311703 200011730 199011793 199311829 
200211925 199512023 200112083 200112087 
199412176 199012305 200612307 199612372 
201712599 199712723 201612756 200312787 
199312854 199912916 200212946 200212947 
199213010 199713232 201313233 201613268 
199613398 199313872 200913876 200913879 
111011	72	
201710047 199110104 199110105 199410143 
201610206 200910303 201510366 200210394 
200410590 200710619 199410651 201610718 
199910877 200810975 201711065 200411097 
200411103 200011227 200311257 200311262 
200911320 199311321 199611359 201511386 
201411547 199411673 199411674 199411679 
199711705 199711710 200011737 201611739 
199011806 200811993 199812056 201412058 
200712159 201012184 201512410 201512415 
199512540 201212889 199612895 199912920 
199513050 200113119 200413145 199113179 
199913435 200513500 199513562 201713630 
201613788 200313820 200613852 199313883 
199613918 
111100	122	
201410028 201710048 200110049 200110057 
200110062 200410085 200710119 201010153 
201210341 199610343 201210346 201510382 
200210411 200210415 200810475 201410528 
201710571 200110573 200410602 200710624 
199310824 199610859 201510890 200210913 
201411046 200111087 200411112 199411176 
201611235 201611242 201611245 199311329 
201211370 200211427 200211434 200811499 
199811555 200711660 201011682 201311726 
201611752 200311787 199011810 200611815 
200511973 200511981 200812011 199812071 
201712100 201712103 200112108 200712171 
199712234 199712238 201612270 200312289 
199312353 200512489 201112555 199812589 
200412647 199112677 200712681 199412708 
200012772 200312803 200612845 199312878 
199912940 201512942 200212974 200512998 
199513059 199513067 201413091 200113122 
200713196 199713249 199713259 201313262 
199313385 200913389 199613416 199913446 
199213538 199513568 201413607 200113642 
200713703 200713707 199413729 199413739 
200313825 199013866 201213930 201213935 
199913958 
111101	
111110	102	
199510007 201110008 199810034 199810037 
199110137 199410170 199710201 201610228 
200610289 200610300 200910329 200910332 
200210430 199210495 199810544 199810551 
201710585 200410617 201310705 201210871 
199811067 200411135 199711225 200311282 
199311355 199911410 199911416 199211507 
200811512 199211515 201411569 201411582 
201611769 199011835 200911857 200911864 
201211903 200211967 200812017 199512059 
200112119 200412149 200712179 200712180 
201012210 201012211 201312240 201312249 
200012274 201612282 201612287 201212407 
200812534 201112575 200112625 200112634 
199112697 199712760 200912884 199312894 
199912944 201512948 199912956 200513022 
199513080 199813114 199813118 200713200 
201313264 200313339 200613369 199013375 
199613434 199613438 199513589 201113593 
201713656 200713720 201613816 199313905 
199913976 
111111	
